# yamllint disable
acc: 0.6964285714285714
end-of-epoch: true
f1: 0.6897550725136932
loss: 1.1391050815582275
unixtime: 1712553451.4355006
