# yamllint disable
acc: 0.9464285714285714
end-of-epoch: true
f1: 0.9462454212454212
loss: 0.29217615723609924
unixtime: 1712553951.982977
