# yamllint disable
acc: 0.875
end-of-epoch: true
f1: 0.8740115798180315
loss: 0.5067189931869507
unixtime: 1712559959.7305608
