# yamllint disable
acc: 0.9285714285714286
end-of-epoch: true
f1: 0.929510155316607
loss: 0.42382362484931946
unixtime: 1712558478.6725178
