# yamllint disable
acc: 1.0
end-of-epoch: true
f1: 1.0
loss: 0.06893786787986755
unixtime: 1712550018.1724296
