# yamllint disable
acc: 0.8928571428571429
end-of-epoch: true
f1: 0.8911858974358975
loss: 0.40466246008872986
unixtime: 1712554511.1355472
