# yamllint disable
acc: 0.9285714285714286
end-of-epoch: true
f1: 0.9274074074074075
loss: 0.32019445300102234
unixtime: 1712556824.7310562
