# yamllint disable
acc: 0.8928571428571429
end-of-epoch: true
f1: 0.89272030651341
loss: 0.35596728324890137
unixtime: 1712559506.9127133
