# yamllint disable
acc: 0.9285714285714286
end-of-epoch: true
f1: 0.9282051282051282
loss: 0.4156947135925293
unixtime: 1712558971.0679734
