# yamllint disable
acc: 0.8214285714285714
end-of-epoch: true
f1: 0.8221387169663031
loss: 0.6084967851638794
unixtime: 1712553767.0978887
