# yamllint disable
acc: 1.0
end-of-epoch: true
f1: 1.0
loss: 0.1072135791182518
unixtime: 1712556999.667323
