# yamllint disable
acc: 0.9107142857142858
end-of-epoch: true
f1: 0.9111879499810535
loss: 0.38704147934913635
unixtime: 1712558062.8947358
