# yamllint disable
acc: 0.875
end-of-epoch: true
f1: 0.8740115798180315
loss: 0.7590867877006531
unixtime: 1712560828.2960162
