# yamllint disable
acc: 0.9821428571428572
end-of-epoch: true
f1: 0.9821200510855683
loss: 0.18461748957633972
unixtime: 1712554892.721594
