# yamllint disable
acc: 0.8571428571428572
end-of-epoch: true
f1: 0.8578184865900383
loss: 0.5864736437797546
unixtime: 1712553689.8658562
