# yamllint disable
acc: 0.8928571428571428
end-of-epoch: true
f1: 0.8948117294891489
loss: 0.44150781631469727
unixtime: 1712560688.4491374
