# yamllint disable
acc: 0.75
end-of-epoch: true
f1: 0.7417197559577983
loss: 0.8822957277297974
unixtime: 1712550619.6139965
