# yamllint disable
acc: 0.9464285714285714
end-of-epoch: true
f1: 0.945744389709907
loss: 0.2058764547109604
unixtime: 1712561928.8357072
