# yamllint disable
acc: 0.9642857142857144
end-of-epoch: true
f1: 0.9642629082284255
loss: 0.23651185631752014
unixtime: 1712549774.4279032
