# yamllint disable
acc: 0.8035714285714286
end-of-epoch: true
f1: 0.7980384199134198
loss: 0.7908664345741272
unixtime: 1712549532.9329665
