# yamllint disable
acc: 0.9642857142857144
end-of-epoch: true
f1: 0.9642401021711366
loss: 0.18418823182582855
unixtime: 1712560125.4327416
