# yamllint disable
acc: 0.8928571428571429
end-of-epoch: true
f1: 0.8921666048696082
loss: 0.5465673804283142
unixtime: 1712555296.6962035
