# yamllint disable
acc: 0.8928571428571428
end-of-epoch: true
f1: 0.8916129032258064
loss: 0.5117589235305786
unixtime: 1712553379.3961682
