# yamllint disable
acc: 0.9821428571428572
end-of-epoch: true
f1: 0.9821200510855683
loss: 0.13909831643104553
unixtime: 1712550466.1323419
