# yamllint disable
acc: 0.8214285714285714
end-of-epoch: true
f1: 0.8259907834101382
loss: 0.662962794303894
unixtime: 1712555033.0914803
