# yamllint disable
acc: 0.8035714285714286
end-of-epoch: true
f1: 0.8030454858041065
loss: 1.0850489139556885
unixtime: 1712553815.8855083
