# yamllint disable
acc: 0.9642857142857144
end-of-epoch: true
f1: 0.9642629082284255
loss: 0.18743549287319183
unixtime: 1712562408.1293557
