# yamllint disable
acc: 0.9285714285714286
end-of-epoch: true
f1: 0.926855500821018
loss: 0.3492612838745117
unixtime: 1712549852.2017775
