# yamllint disable
acc: 0.9642857142857144
end-of-epoch: true
f1: 0.9648148148148148
loss: 0.2511121332645416
unixtime: 1712552653.6074698
