# yamllint disable
acc: 0.9464285714285714
end-of-epoch: true
f1: 0.9464057653712827
loss: 0.2713109850883484
unixtime: 1712561052.9700465
