# yamllint disable
acc: 0.7321428571428572
end-of-epoch: true
f1: 0.7327281154007497
loss: 1.0977777242660522
unixtime: 1712548461.0733292
