# yamllint disable
acc: 0.7678571428571428
end-of-epoch: true
f1: 0.7651586599862463
loss: 0.9152225852012634
unixtime: 1712553066.3863194
