# yamllint disable
acc: 0.8750000000000001
end-of-epoch: true
f1: 0.8752775321740839
loss: 0.43329092860221863
unixtime: 1712542708.1818464
