# yamllint disable
acc: 0.8928571428571429
end-of-epoch: true
f1: 0.89272030651341
loss: 0.4325401484966278
unixtime: 1712552482.435042
