# yamllint disable
acc: 0.8392857142857142
end-of-epoch: true
f1: 0.8388053836329699
loss: 0.9212819337844849
unixtime: 1712562259.9600136
