# yamllint disable
acc: 0.9464285714285714
end-of-epoch: true
f1: 0.944712643678161
loss: 0.3239923417568207
unixtime: 1712554035.087221
