# yamllint disable
acc: 0.6785714285714285
end-of-epoch: true
f1: 0.6790731618317825
loss: 1.1480958461761475
unixtime: 1712555548.8924487
