# yamllint disable
acc: 0.8928571428571429
end-of-epoch: true
f1: 0.8934044882320745
loss: 0.45142295956611633
unixtime: 1712554309.8071706
