# yamllint disable
acc: 0.7321428571428571
end-of-epoch: true
f1: 0.7344995207898434
loss: 1.0200999975204468
unixtime: 1712551345.8056357
