# yamllint disable
acc: 0.8035714285714286
end-of-epoch: true
f1: 0.8032706093189964
loss: 0.7074652314186096
unixtime: 1712557930.9800467
