# yamllint disable
acc: 0.9464285714285715
end-of-epoch: true
f1: 0.9462864721485411
loss: 0.3369639813899994
unixtime: 1712550335.6116278
