# yamllint disable
acc: 0.7678571428571428
end-of-epoch: true
f1: 0.7628715033164422
loss: 0.9096847176551819
unixtime: 1712556356.828531
