# yamllint disable
acc: 0.9285714285714286
end-of-epoch: true
f1: 0.927055702917772
loss: 0.37425392866134644
unixtime: 1712555432.077423
