# yamllint disable
acc: 0.9285714285714286
end-of-epoch: true
f1: 0.9285486225141397
loss: 0.35267922282218933
unixtime: 1712557295.2269838
