# yamllint disable
acc: 0.6785714285714286
end-of-epoch: true
f1: 0.676923076923077
loss: 1.0141957998275757
unixtime: 1712554807.4211764
