# yamllint disable
acc: 0.9285714285714286
end-of-epoch: true
f1: 0.9291643860609378
loss: 0.41899973154067993
unixtime: 1712556698.1918569
