# yamllint disable
acc: 1.0
end-of-epoch: true
f1: 1.0
loss: 0.08869393914937973
unixtime: 1712549079.6611958
