# yamllint disable
acc: 1.0
end-of-epoch: true
f1: 1.0
loss: 0.10820839554071426
unixtime: 1712558849.7100925
