# yamllint disable
acc: 0.8571428571428572
end-of-epoch: true
f1: 0.8589743589743589
loss: 0.5140814185142517
unixtime: 1712552289.3721814
