# yamllint disable
acc: 0.9464285714285714
end-of-epoch: true
f1: 0.9464057653712827
loss: 0.3143136203289032
unixtime: 1712553222.1670969
