# yamllint disable
acc: 1.0
end-of-epoch: true
f1: 1.0
loss: 0.11327296495437622
unixtime: 1712552812.819073
