# yamllint disable
acc: 0.8571428571428572
end-of-epoch: true
f1: 0.8587961933011989
loss: 0.5571110844612122
unixtime: 1712550183.1949337
