# yamllint disable
acc: 0.9642857142857143
end-of-epoch: true
f1: 0.9648148148148148
loss: 0.18908114731311798
unixtime: 1712541921.7317886
