# yamllint disable
acc: 0.8571428571428572
end-of-epoch: true
f1: 0.8568783068783069
loss: 0.9079834222793579
unixtime: 1712556604.6806593
