# yamllint disable
acc: 0.7678571428571428
end-of-epoch: true
f1: 0.7682427055702917
loss: 0.9864374995231628
unixtime: 1712562034.5872953
