# yamllint disable
acc: 0.7678571428571428
end-of-epoch: true
f1: 0.7604967948717949
loss: 0.9867171049118042
unixtime: 1712559167.3424954
