# yamllint disable
acc: 0.8928571428571429
end-of-epoch: true
f1: 0.8938644688644689
loss: 0.47052139043807983
unixtime: 1712562308.1888747
