# yamllint disable
acc: 0.9642857142857144
end-of-epoch: true
f1: 0.9648148148148148
loss: 0.16613881289958954
unixtime: 1712557708.6845577
