# yamllint disable
acc: 0.8928571428571429
end-of-epoch: true
f1: 0.8926739926739926
loss: 0.39406272768974304
unixtime: 1712560888.9505713
