# yamllint disable
acc: 1.0
end-of-epoch: true
f1: 1.0
loss: 0.10428842157125473
unixtime: 1712548533.4112563
