# yamllint disable
acc: 0.7678571428571428
end-of-epoch: true
f1: 0.7572958650544857
loss: 0.8396483659744263
unixtime: 1712543139.585696
