# yamllint disable
acc: 0.9642857142857144
end-of-epoch: true
f1: 0.9642629082284255
loss: 0.2317773550748825
unixtime: 1712555348.8963084
