# yamllint disable
acc: 0.7321428571428572
end-of-epoch: true
f1: 0.7311621966794379
loss: 1.1594030857086182
unixtime: 1712560072.3078544
