# yamllint disable
acc: 0.7142857142857143
end-of-epoch: true
f1: 0.7173608573864328
loss: 0.9833621978759766
unixtime: 1712562181.7164295
