# yamllint disable
acc: 0.7142857142857144
end-of-epoch: true
f1: 0.7088810295706848
loss: 0.9872121214866638
unixtime: 1712542812.3236268
