# yamllint disable
acc: 0.9642857142857144
end-of-epoch: true
f1: 0.9642401021711366
loss: 0.2512417733669281
unixtime: 1712551737.7301733
