# yamllint disable
acc: 0.9821428571428572
end-of-epoch: true
f1: 0.9821200510855683
loss: 0.161062553524971
unixtime: 1712556313.8913262
