# yamllint disable
acc: 0.9821428571428572
end-of-epoch: true
f1: 0.9821200510855683
loss: 0.1168031319975853
unixtime: 1712551870.4401128
