# yamllint disable
acc: 0.9821428571428572
end-of-epoch: true
f1: 0.9821200510855683
loss: 0.10728857666254044
unixtime: 1712553265.6016881
