# yamllint disable
acc: 0.8035714285714286
end-of-epoch: true
f1: 0.8022306531066263
loss: 0.6047788262367249
unixtime: 1712552351.040544
