# yamllint disable
acc: 0.9107142857142858
end-of-epoch: true
f1: 0.9107142857142858
loss: 0.34650787711143494
unixtime: 1712555996.2373412
