# yamllint disable
acc: 0.9464285714285714
end-of-epoch: true
f1: 0.9456707086017431
loss: 0.2986334264278412
unixtime: 1712559643.0372076
