# yamllint disable
acc: 0.8928571428571429
end-of-epoch: true
f1: 0.8920634920634921
loss: 0.3988956809043884
unixtime: 1712556166.310125
