# yamllint disable
acc: 0.8392857142857143
end-of-epoch: true
f1: 0.8390177638453502
loss: 0.8612880706787109
unixtime: 1712552410.4590883
