# yamllint disable
acc: 0.9285714285714286
end-of-epoch: true
f1: 0.9284293292913982
loss: 0.26743069291114807
unixtime: 1712548367.8069763
