# yamllint disable
acc: 0.6607142857142857
end-of-epoch: true
f1: 0.6569900687547746
loss: 1.2461189031600952
unixtime: 1712560458.2500288
