# yamllint disable
acc: 0.7321428571428572
end-of-epoch: true
f1: 0.7173762077294686
loss: 0.9068858027458191
unixtime: 1712560578.0515263
