# yamllint disable
acc: 0.8214285714285714
end-of-epoch: true
f1: 0.8198412698412698
loss: 0.9789505004882812
unixtime: 1712551015.1135757
