# yamllint disable
acc: 0.9107142857142858
end-of-epoch: true
f1: 0.9117216117216117
loss: 0.3051755726337433
unixtime: 1712558704.5703182
