# yamllint disable
acc: 0.9107142857142857
end-of-epoch: true
f1: 0.9105311355311355
loss: 0.33055442571640015
unixtime: 1712557166.9897854
