# yamllint disable
acc: 0.9642857142857144
end-of-epoch: true
f1: 0.9648148148148148
loss: 0.1660468876361847
unixtime: 1712553525.5408008
