# yamllint disable
acc: 0.8392857142857142
end-of-epoch: true
f1: 0.8372109194271642
loss: 0.7601506114006042
unixtime: 1712556504.3360124
