# yamllint disable
acc: 0.8392857142857143
end-of-epoch: true
f1: 0.8404466501240695
loss: 0.5702108144760132
unixtime: 1712555659.1273422
