# yamllint disable
acc: 0.7321428571428571
end-of-epoch: true
f1: 0.731417845224853
loss: 1.118851900100708
unixtime: 1712556935.3442698
