# yamllint disable
acc: 0.6964285714285715
end-of-epoch: true
f1: 0.6973657161803715
loss: 1.2211343050003052
unixtime: 1712561472.9060433
