# yamllint disable
acc: 0.9107142857142858
end-of-epoch: true
f1: 0.9100921658986176
loss: 0.3837306797504425
unixtime: 1712550561.7919476
