# yamllint disable
acc: 0.9464285714285714
end-of-epoch: true
f1: 0.9456707086017431
loss: 0.2273280769586563
unixtime: 1712550721.8198087
