# yamllint disable
acc: 0.6964285714285714
end-of-epoch: true
f1: 0.6903081797235023
loss: 1.0379997491836548
unixtime: 1712557592.1949854
