# yamllint disable
acc: 0.9464285714285714
end-of-epoch: true
f1: 0.946957671957672
loss: 0.24052700400352478
unixtime: 1712554613.7226624
