# yamllint disable
acc: 0.9285714285714286
end-of-epoch: true
f1: 0.9287242234961923
loss: 0.3370397984981537
unixtime: 1712558793.6059833
