# yamllint disable
acc: 0.7678571428571429
end-of-epoch: true
f1: 0.7633068081343944
loss: 0.9686724543571472
unixtime: 1712542951.255938
