# yamllint disable
acc: 0.9107142857142858
end-of-epoch: true
f1: 0.9106458675424193
loss: 0.3628027141094208
unixtime: 1712549717.3924096
