# yamllint disable
acc: 0.875
end-of-epoch: true
f1: 0.8735449735449735
loss: 0.44133657217025757
unixtime: 1712561319.384945
