# yamllint disable
acc: 0.9107142857142858
end-of-epoch: true
f1: 0.9103479853479853
loss: 0.4398828446865082
unixtime: 1712543041.1028526
