# yamllint disable
acc: 0.7857142857142858
end-of-epoch: true
f1: 0.7896825396825398
loss: 0.8012201189994812
unixtime: 1712554975.5103133
