# yamllint disable
acc: 0.9285714285714286
end-of-epoch: true
f1: 0.927471264367816
loss: 0.31183481216430664
unixtime: 1712558243.889119
