# yamllint disable
acc: 0.9285714285714286
end-of-epoch: true
f1: 0.927055702917772
loss: 0.32284146547317505
unixtime: 1712559550.0505567
