# yamllint disable
acc: 0.9285714285714286
end-of-epoch: true
f1: 0.9284802043422733
loss: 0.34921079874038696
unixtime: 1712557365.335161
