# yamllint disable
acc: 0.7142857142857143
end-of-epoch: true
f1: 0.7096658839039262
loss: 1.1351603269577026
unixtime: 1712552182.9399145
