# yamllint disable
acc: 1.0
end-of-epoch: true
f1: 1.0
loss: 0.0814514309167862
unixtime: 1712555594.8421419
