# yamllint disable
acc: 0.9821428571428572
end-of-epoch: true
f1: 0.9821200510855683
loss: 0.1540125608444214
unixtime: 1712542601.7349296
