# yamllint disable
acc: 0.8928571428571428
end-of-epoch: true
f1: 0.8948117294891489
loss: 0.4127286374568939
unixtime: 1712549491.6104686
