# yamllint disable
acc: 0.9464285714285715
end-of-epoch: true
f1: 0.9456707086017431
loss: 0.2969026565551758
unixtime: 1712548994.2745597
