# yamllint disable
acc: 0.7142857142857143
end-of-epoch: true
f1: 0.7139634657281716
loss: 1.0148926973342896
unixtime: 1712550784.1272624
