# yamllint disable
acc: 0.9821428571428572
end-of-epoch: true
f1: 0.9821200510855683
loss: 0.15281912684440613
unixtime: 1712559091.1729972
