# yamllint disable
acc: 0.8392857142857143
end-of-epoch: true
f1: 0.8409961685823755
loss: 0.7563480138778687
unixtime: 1712559427.7736652
