# yamllint disable
acc: 0.9285714285714286
end-of-epoch: true
f1: 0.9285714285714286
loss: 0.33017581701278687
unixtime: 1712553135.145668
