# yamllint disable
acc: 0.9464285714285714
end-of-epoch: true
f1: 0.9462454212454212
loss: 0.2769245505332947
unixtime: 1712551827.6572957
