# yamllint disable
acc: 1.0
end-of-epoch: true
f1: 1.0
loss: 0.07611974328756332
unixtime: 1712551429.730756
