# yamllint disable
acc: 0.9107142857142858
end-of-epoch: true
f1: 0.9091575091575093
loss: 0.34774574637413025
unixtime: 1712551508.4247205
