# yamllint disable
acc: 0.9107142857142858
end-of-epoch: true
f1: 0.9112388250319285
loss: 0.2883276045322418
unixtime: 1712561549.4907386
