# yamllint disable
acc: 0.8750000000000001
end-of-epoch: true
f1: 0.8750903119868637
loss: 0.48621129989624023
unixtime: 1712542170.202031
