# yamllint disable
acc: 0.8928571428571429
end-of-epoch: true
f1: 0.8927887246852765
loss: 0.3885231912136078
unixtime: 1712551085.4373636
