# yamllint disable
acc: 0.9642857142857143
end-of-epoch: true
f1: 0.9641025641025641
loss: 0.17831192910671234
unixtime: 1712552126.9286833
