# yamllint disable
acc: 0.875
end-of-epoch: true
f1: 0.8751399941055114
loss: 0.5284526348114014
unixtime: 1712562072.990733
