# yamllint disable
acc: 0.8035714285714286
end-of-epoch: true
f1: 0.8001619778346122
loss: 0.7393359541893005
unixtime: 1712559317.4639585
