# yamllint disable
acc: 0.8928571428571428
end-of-epoch: true
f1: 0.8936571618037135
loss: 0.5553804039955139
unixtime: 1712555739.4275324
