# yamllint disable
acc: 1.0
end-of-epoch: true
f1: 1.0
loss: 0.07582993805408478
unixtime: 1712561685.841387
