# yamllint disable
acc: 0.8928571428571429
end-of-epoch: true
f1: 0.8905835543766578
loss: 0.4089919626712799
unixtime: 1712542273.2718313
