# yamllint disable
acc: 0.9821428571428572
end-of-epoch: true
f1: 0.9821200510855683
loss: 0.1337723582983017
unixtime: 1712549322.6004755
