# yamllint disable
acc: 0.9464285714285715
end-of-epoch: true
f1: 0.9462226151881324
loss: 0.29836270213127136
unixtime: 1712555928.0642576
