# yamllint disable
acc: 1.0
end-of-epoch: true
f1: 1.0
loss: 0.10097726434469223
unixtime: 1712542074.2549422
