# yamllint disable
acc: 0.75
end-of-epoch: true
f1: 0.7507071632071632
loss: 1.053636908531189
unixtime: 1712554135.9534633
