# yamllint disable
acc: 0.9285714285714286
end-of-epoch: true
f1: 0.9278872468527641
loss: 0.29664352536201477
unixtime: 1712560210.291288
