# yamllint disable
acc: 0.9464285714285714
end-of-epoch: true
f1: 0.9469987228607918
loss: 0.27025237679481506
unixtime: 1712543377.7022746
