# yamllint disable
acc: 0.9642857142857144
end-of-epoch: true
f1: 0.9642629082284255
loss: 0.23263461887836456
unixtime: 1712556767.0213466
