# yamllint disable
acc: 0.9107142857142858
end-of-epoch: true
f1: 0.9077586206896552
loss: 0.41962745785713196
unixtime: 1712550417.329781
