# yamllint disable
acc: 0.7321428571428572
end-of-epoch: true
f1: 0.7322751322751323
loss: 1.0496736764907837
unixtime: 1712553600.0956562
