# yamllint disable
acc: 0.9642857142857144
end-of-epoch: true
f1: 0.9642629082284255
loss: 0.2295200526714325
unixtime: 1712551191.2121935
