# yamllint disable
acc: 0.9464285714285714
end-of-epoch: true
f1: 0.9462864721485411
loss: 0.2923097312450409
unixtime: 1712558137.9744985
