# yamllint disable
acc: 0.8571428571428572
end-of-epoch: true
f1: 0.8569604086845467
loss: 0.5216643214225769
unixtime: 1712548649.7322054
